585  582
570  571
577  569
562  581
568  576
565  566
572  567
584  579
575  580
573  574
578  563
571  582
569  570
581  577
576  562
574  575
567  573
580  568
579  572
563  565
566  584
583  578
564  583
583  561
561  560
560  559
559  558
558  557
557  556
556  555
555  554
554  553
553  552
552  551
551  550
582  549
550  548
547  549
548  546
547  545
546  543
541  544
542  541
544  545
539  540
540  542
543  539
11  0
1  0
0  1
2  1
1  2
3  2
2  3
4  3
3  4
5  4
4  5
6  5
5  6
578  6
559  7
9  7
35  8
10  8
7  9
11  9
8  10
12  10
9  11
13  11
10  12
14  12
11  13
15  13
12  14
16  14
13  15
17  15
14  16
18  16
15  17
19  17
16  18
20  18
17  19
21  19
18  20
22  20
19  21
23  21
20  22
24  22
21  23
25  23
22  24
26  24
23  25
27  25
24  26
28  26
25  27
563  27
26  28
565  28
557  29
31  29
61  30
32  30
29  31
33  31
30  32
34  32
31  33
35  33
32  34
36  34
33  35
37  35
34  36
38  36
35  37
39  37
36  38
40  38
37  39
41  39
38  40
42  40
39  41
43  41
40  42
44  42
41  43
45  43
42  44
46  44
43  45
47  45
44  46
48  46
45  47
49  47
46  48
50  48
47  49
51  49
48  50
52  50
49  51
53  51
50  52
54  52
51  53
55  53
52  54
56  54
53  55
566  55
54  56
584  56
555  57
59  57
554  58
60  58
57  59
61  59
58  60
62  60
59  61
63  61
60  62
64  62
61  63
65  63
62  64
66  64
63  65
67  65
64  66
68  66
65  67
69  67
66  68
70  68
67  69
71  69
68  70
72  70
69  71
73  71
70  72
74  72
71  73
75  73
72  74
76  74
73  75
77  75
74  76
78  76
75  77
79  77
76  78
80  78
77  79
81  79
78  80
82  80
79  81
83  81
80  82
84  82
81  83
85  83
82  84
86  84
83  85
87  85
84  86
88  86
85  87
56  87
86  88
572  88
553  89
91  89
137  90
92  90
89  91
93  91
90  92
94  92
91  93
95  93
92  94
96  94
93  95
97  95
94  96
98  96
95  97
99  97
96  98
100  98
97  99
101  99
98  100
102  100
99  101
103  101
100  102
104  102
101  103
105  103
102  104
106  104
103  105
107  105
104  106
108  106
105  107
109  107
106  108
110  108
107  109
111  109
108  110
112  110
109  111
113  111
110  112
114  112
111  113
115  113
112  114
116  114
113  115
117  115
114  116
118  116
115  117
119  117
116  118
120  118
117  119
121  119
118  120
122  120
119  121
123  121
120  122
124  122
121  123
125  123
122  124
126  124
123  125
567  125
124  126
573  126
551  127
129  127
185  128
130  128
127  129
131  129
128  130
132  130
129  131
133  131
130  132
134  132
131  133
135  133
132  134
136  134
133  135
137  135
134  136
138  136
135  137
139  137
136  138
140  138
137  139
141  139
138  140
142  140
139  141
143  141
140  142
144  142
141  143
145  143
142  144
146  144
143  145
147  145
144  146
148  146
145  147
149  147
146  148
150  148
147  149
151  149
148  150
152  150
149  151
153  151
150  152
154  152
151  153
155  153
152  154
156  154
153  155
157  155
154  156
158  156
155  157
159  157
156  158
160  158
157  159
161  159
158  160
162  160
159  161
163  161
160  162
164  162
161  163
165  163
162  164
166  164
163  165
167  165
164  166
168  166
165  167
169  167
166  168
170  168
167  169
171  169
168  170
172  170
169  171
173  171
170  172
174  172
171  173
574  173
172  174
575  174
548  175
177  175
243  176
178  176
175  177
179  177
176  178
180  178
177  179
181  179
178  180
182  180
179  181
183  181
180  182
184  182
181  183
185  183
182  184
186  184
183  185
187  185
184  186
188  186
185  187
189  187
186  188
190  188
187  189
191  189
188  190
192  190
189  191
193  191
190  192
194  192
191  193
195  193
192  194
196  194
193  195
197  195
194  196
198  196
195  197
199  197
196  198
200  198
197  199
538  199
198  200
202  200
538  201
203  201
200  202
204  202
201  203
205  203
202  204
206  204
203  205
207  205
204  206
208  206
205  207
209  207
206  208
210  208
207  209
211  209
208  210
212  210
209  211
213  211
210  212
214  212
211  213
215  213
212  214
216  214
213  215
217  215
214  216
218  216
215  217
219  217
216  218
220  218
217  219
221  219
218  220
222  220
219  221
223  221
220  222
224  222
221  223
225  223
222  224
226  224
223  225
227  225
224  226
228  226
225  227
229  227
226  228
230  228
227  229
231  229
228  230
232  230
229  231
233  231
230  232
234  232
231  233
235  233
232  234
236  234
233  235
580  235
234  236
568  236
543  237
239  237
539  238
240  238
237  239
241  239
238  240
242  240
239  241
243  241
240  242
244  242
241  243
245  243
242  244
246  244
243  245
247  245
244  246
248  246
245  247
249  247
246  248
250  248
247  249
251  249
248  250
252  250
249  251
253  251
250  252
254  252
251  253
255  253
252  254
256  254
253  255
257  255
254  256
258  256
255  257
259  257
256  258
260  258
257  259
261  259
258  260
262  260
259  261
263  261
260  262
264  262
261  263
265  263
262  264
266  264
263  265
267  265
264  266
268  266
265  267
269  267
266  268
270  268
267  269
271  269
268  270
272  270
269  271
273  271
270  272
274  272
271  273
275  273
272  274
276  274
273  275
277  275
274  276
278  276
275  277
279  277
276  278
280  278
277  279
281  279
278  280
282  280
279  281
283  281
280  282
284  282
281  283
285  283
282  284
286  284
283  285
287  285
284  286
288  286
285  287
289  287
286  288
290  288
287  289
291  289
288  290
292  290
289  291
293  291
290  292
294  292
291  293
295  293
292  294
296  294
293  295
297  295
294  296
298  296
295  297
299  297
296  298
300  298
297  299
301  299
298  300
302  300
299  301
303  301
300  302
304  302
301  303
576  303
302  304
562  304
238  305
307  305
375  306
308  306
305  307
309  307
306  308
310  308
307  309
311  309
308  310
312  310
309  311
313  311
310  312
314  312
311  313
315  313
312  314
316  314
313  315
317  315
314  316
318  316
315  317
319  317
316  318
320  318
317  319
321  319
318  320
322  320
319  321
323  321
320  322
324  322
321  323
325  323
322  324
326  324
323  325
327  325
324  326
328  326
325  327
329  327
326  328
330  328
327  329
331  329
328  330
332  330
329  331
333  331
330  332
334  332
331  333
335  333
332  334
336  334
333  335
337  335
334  336
338  336
335  337
339  337
336  338
340  338
337  339
341  339
338  340
342  340
339  341
343  341
340  342
344  342
341  343
345  343
342  344
346  344
343  345
347  345
344  346
348  346
345  347
349  347
346  348
350  348
347  349
351  349
348  350
352  350
349  351
353  351
350  352
354  352
351  353
355  353
352  354
356  354
353  355
357  355
354  356
358  356
355  357
359  357
356  358
360  358
357  359
361  359
358  360
362  360
359  361
363  361
360  362
364  362
361  363
365  363
362  364
366  364
363  365
367  365
364  366
368  366
365  367
369  367
366  368
370  368
367  369
371  369
368  370
372  370
369  371
581  371
370  372
577  372
541  373
375  373
544  374
376  374
373  375
377  375
374  376
378  376
375  377
379  377
376  378
380  378
377  379
381  379
378  380
382  380
379  381
383  381
380  382
384  382
381  383
385  383
382  384
386  384
383  385
387  385
384  386
388  386
385  387
389  387
386  388
390  388
387  389
391  389
388  390
392  390
389  391
393  391
390  392
394  392
391  393
395  393
392  394
396  394
393  395
397  395
394  396
398  396
395  397
399  397
396  398
400  398
397  399
401  399
398  400
402  400
399  401
403  401
400  402
404  402
401  403
405  403
402  404
406  404
403  405
407  405
404  406
408  406
405  407
409  407
406  408
410  408
407  409
411  409
408  410
412  410
409  411
413  411
410  412
414  412
411  413
415  413
412  414
416  414
413  415
417  415
414  416
418  416
415  417
419  417
416  418
420  418
417  419
421  419
418  420
422  420
419  421
423  421
420  422
424  422
421  423
425  423
422  424
426  424
423  425
427  425
424  426
428  426
425  427
429  427
426  428
430  428
427  429
431  429
428  430
432  430
429  431
433  431
430  432
434  432
431  433
435  433
432  434
436  434
433  435
437  435
434  436
438  436
435  437
439  437
436  438
440  438
437  439
441  439
438  440
442  440
439  441
569  441
440  442
570  442
547  443
445  443
549  444
446  444
443  445
447  445
444  446
448  446
445  447
449  447
446  448
450  448
447  449
451  449
448  450
452  450
449  451
453  451
450  452
454  452
451  453
455  453
452  454
456  454
453  455
457  455
454  456
458  456
455  457
459  457
456  458
460  458
457  459
461  459
458  460
462  460
459  461
463  461
460  462
464  462
461  463
465  463
462  464
466  464
463  465
467  465
464  466
468  466
465  467
469  467
466  468
470  468
467  469
471  469
468  470
472  470
469  471
473  471
470  472
474  472
471  473
475  473
472  474
476  474
473  475
477  475
474  476
478  476
475  477
479  477
476  478
480  478
477  479
481  479
478  480
482  480
479  481
483  481
480  482
484  482
481  483
485  483
482  484
486  484
483  485
487  485
484  486
488  486
485  487
489  487
486  488
490  488
487  489
491  489
488  490
492  490
489  491
493  491
490  492
494  492
491  493
495  493
492  494
496  494
493  495
497  495
494  496
498  496
495  497
499  497
496  498
500  498
497  499
501  499
498  500
502  500
499  501
571  501
500  502
582  502
545  503
504  503
503  504
505  504
504  505
506  505
505  506
507  506
506  507
508  507
507  508
509  508
508  509
510  509
509  510
511  510
510  511
512  511
511  512
513  512
512  513
514  513
513  514
515  514
514  515
516  515
515  516
517  516
516  517
518  517
517  518
519  518
518  519
520  519
519  520
521  520
520  521
522  521
521  522
523  522
522  523
524  523
523  524
525  524
524  525
526  525
525  526
527  526
526  527
528  527
527  528
529  528
528  529
530  529
529  530
531  530
530  531
532  531
531  532
533  532
532  533
534  533
533  534
535  534
534  535
536  535
535  536
537  536
536  537
585  537
